date,cost_t_A,cost_t_B,cost_t_C,sales_t_A,sales_t_B,sales_t_C
2016-01-01,50.41291455656558,12.059927435951874,37.52715800748255,30.29593804871038,19.541823760306876,50.162238190982734
2016-02-01,60.461879651438686,12.929470036884824,26.60865031167649,40.551642858818525,24.100043634435753,35.34831350674571
2016-03-01,28.920565458851605,17.75227473436835,53.32715980678004,19.478490936913104,18.127694421867655,62.39381464121924
2016-04-01,57.84332391680534,21.5861024195101,20.57057366368456,36.47133027136541,30.464373754414225,33.064295974220364
2016-05-01,48.96849097616169,21.409344192250362,29.62216483158794,32.4484262593491,31.805164132639543,35.746409608011355
2016-06-01,70.70933370543638,7.825539411179309,21.465126883384308,37.89046014251044,24.820954407964056,37.2885854495255
2016-07-01,65.98787884793825,15.366417182620241,18.64570396944151,42.62301381996919,34.89704578582493,22.47994039420588
2016-08-01,44.688298621592715,9.278299804980302,46.03340157342698,31.732965339459522,20.325911273959736,47.941123386580735
2016-09-01,64.57316453228533,10.406492653004575,25.020342814710077,40.84375976047172,22.650074195613282,36.506166043914995
2016-10-01,62.16293154328826,10.495143713762037,27.341924742949704,43.134052153600955,21.728672969700845,35.1372748766982
2016-11-01,63.19121146786936,11.441616323161705,25.36717220896893,51.13502188549788,20.231188775963233,28.633789338538882
2016-12-01,66.2030644744653,10.131839284491006,23.665096241043702,40.71504315594545,26.208300567271007,33.07665627678354
